lat,lon
9.922878,39.70326
