lat,lon
9.593901,36.86144
